snr	e0	t0	e1	t1	e2	t2	e3	t3	e4	t4	e5	t5	e6	t6	e7	t7
0.1	1.0	0.0	1.0	0.0	0.9999999999999999	1.2545520178264269e-14	0.9999999999926084	7.835141424550329e-10	0.9999999541537044	4.5387832692256325e-06	0.9999680298863062	0.0029412504598318456	0.9964878997284629	0.29852852308065725	0.9225567458682723	6.0405738222747605
0.11659144011798317	1.0	0.0	1.0	0.0	0.9999999999999997	3.7636560534792807e-14	0.9999999999779692	2.335267090813886e-09	0.9999998886863389	1.1020052445576134e-05	0.9999365841736532	0.005834256023908857	0.994277262399345	0.4864326960556753	0.8951437669852501	8.178786175150492
0.13593563908785256	1.0	0.0	1.0	0.0	0.9999999999999988	1.3800072196090696e-13	0.9999999999253434	7.913601107745194e-09	0.9999997018685218	2.9515016338965694e-05	0.9998652753229993	0.012394670284065157	0.9902890070973147	0.8254343967282496	0.8557514688227488	11.251385431825597
0.15848931924611134	1.0	0.0	1.0	0.0	0.9999999999999939	6.900036098045348e-13	0.9999999997106647	3.066954534780564e-08	0.9999991174414812	8.737329336339084e-05	0.9996939613064122	0.028155559810078223	0.9829199785800241	1.4518018206979506	0.7996887306762271	15.624279007254282
0.18478497974222907	1.0	0.0	1.0	0.0	0.999999999999963	4.1776582193620015e-12	0.9999999987138043	1.3633674478263913e-07	0.9999971159106865	0.0002855248420347012	0.9992604522226941	0.06803839551214219	0.9691156770660468	2.6251674493860184	0.721790208793474	21.700363714109027
0.21544346900318834	1.0	0.0	1.0	0.0	0.9999999999997317	3.032252227086474e-11	0.999999993449344	6.943695378680559e-07	0.9999896545873774	0.001024195849634424	0.9981170775329953	0.1732288669644344	0.9432928975335386	4.820103709649217	0.6181770225550438	29.782192240706582
0.251188643150958	1.0	0.0	1.0	0.0	0.9999999999976709	2.631924678198061e-10	0.9999999620283037	4.024999812335395e-06	0.9999597262242784	0.003987103796436187	0.995025836397595	0.45762305142125914	0.8960880057266765	8.832519513232501	0.48969211284821723	39.80401519783906
0.2928644564625237	1.0	0.0	1.0	0.0	0.9999999999760383	2.7076745290344206e-09	0.9999997528752219	2.6195226477065958e-05	0.9998329736671399	0.016535606953154147	0.9866647088557812	1.2268467852681324	0.8142178158163899	15.791485655606863	0.346206482672226	50.99589435156637
0.34145488738336016	1.0	0.0	0.9999999999999991	1.0658141036401503e-13	0.9999999997125653	3.2480125922162983e-08	0.9999982340191107	0.0001871939742659201	0.9992818008093104	0.07110171987827096	0.9647891227585008	3.239400706217925	0.6846700676584578	26.803044249031085	0.20815895677169505	61.76360137180779
0.3981071705534972	1.0	0.0	0.999999999999977	2.757793993168889e-12	0.9999999960850521	4.423891151184023e-07	0.9999865863921706	0.001421842429912168	0.996914648609418	0.305449787667615	0.9118467672618514	8.110097411909669	0.5068166801327854	41.92058218871325	0.0999258396107372	70.20578451036249
0.46415888336127786	1.0	0.0	0.9999999999993334	7.998934847819328e-11	0.9999999417245992	6.5851202947220244e-06	0.9998963922120971	0.01098242551770312	0.9873755782692959	1.2498177513397064	0.7999257206997272	18.406833695625096	0.3078915561912854	58.82921772374074	0.03534392687249255	75.24317370394559
0.5411695265464637	1.0	0.0	0.9999999999782166	2.614002347911537e-09	0.999999099277519	0.00010178164035812287	0.9992311834917814	0.08149454987116989	0.9535807127915183	4.595509433639684	0.6074502417599202	36.114577758087336	0.14003446091456484	73.09707082226198	0.008338194616382633	77.34962081992215
0.6309573444801934	1.0	0.0	0.999999999241951	9.096587483270469e-08	0.9999864530118421	0.001530809661844934	0.9948877314343448	0.5419004679594475	0.856397992030168	14.21659878901337	0.36033465498090433	58.849211741756804	0.04253843890506748	81.38423269306926	0.0011626971850080547	77.90930961956937
0.7356422544596414	0.9999999999999992	9.869882688917642e-14	0.9999999738352727	3.139767272841709e-06	0.9998167240900523	0.020710177824091347	0.9718950322468174	2.9791265818373565	0.6500608993251431	34.64397096681083	0.1462011118255182	78.54949771205233	0.00752703467875504	84.36020205230582	8.296999323775811e-05	77.99352834052746
0.8576958985908941	0.9999999999999285	9.08029207380423e-12	0.9999991763671432	9.88359428166774e-05	0.9979631213723411	0.23016728492545446	0.8828081726053598	12.422333703831859	0.3600078610284978	63.35922175817872	0.0346560340706662	88.8116448654987	0.0006611497961144241	84.94380226733027	2.558414221587313e-06	77.99980044369072
1.0	0.9999999999938521	7.807782198554492e-10	0.9999784953086651	0.0025805629601860502	0.9831566647201422	1.9032968866239335	0.6575539444113089	36.29928189240126	0.12106347307564191	87.01471616551144	0.0040144083349277215	91.63067443318666	2.3988628633619946e-05	84.99796096656614	2.8025440301782112e-08	77.99999781401566
1.1659144011798317	0.9999999995457114	5.7694653055051504e-08	0.9995795383333226	0.05045540000129023	0.9061250894243591	10.607864895047422	0.32940956684171674	71.08258591477802	0.02018657832505444	97.00152874581961	0.00018642984620864667	91.98284845414881	2.9195528361558587e-07	84.9999751838009	8.71752670050796e-11	77.99999999320033
1.3593563908785256	0.9999999737297701	3.336319194802151e-06	0.9944490287958543	0.6661165444974859	0.674938404820247	36.73196025531209	0.08801341442471466	96.67057807098024	0.0013491574424879804	98.86643341319369	2.7945688785280254e-06	91.99974289966318	9.440757064993477e-10	84.99999991975356	5.972999872483342e-14	77.99999999999534
1.5848931924611134	0.9999989128046602	0.00013807380814889747	0.9550061000898413	5.399267989219041	0.32077060558450987	76.75292156895038	0.009947203369445434	104.94559644283878	2.8986215510062863e-05	98.9971303646645	1.0686806106718905e-08	91.99999901681383	6.266098750984384e-13	84.99999999994674	0.0	78.0
1.8478497974222907	0.9999702368551528	0.0037799193955880828	0.7913748782535068	25.03501460957918	0.07526859196972557	104.49464910742101	0.00038122087761105483	105.95959058697323	1.5934010622054018e-07	98.99998422532948	8.093969938727241e-12	91.99999999925535	1.1102230246251565e-16	84.99999999999999	0.0	78.0
2.1544346900318834	0.9994925653877726	0.06444419575287386	0.45694585987715386	65.16649681474154	0.006957183532784295	112.21383826079537	4.011477376941741e-06	105.99957478339805	1.7706591748378742e-10	98.99999998247047	8.881784197001252e-16	91.99999999999991	0.0	85.0	0.0	78.0
2.5118864315095797	0.9947951917313719	0.6610106501157719	0.14531561645904734	102.56212602491432	0.0002098686441308617	112.97628484321321	9.455271121616704e-09	105.99999899774126	3.11972669919669e-14	98.99999999999692	0.0	92.0	0.0	85.0	0.0	78.0
2.9286445646252357	0.9679841054714206	4.06601860512959	0.021245375092738494	117.45055498887137	1.7628343287334758e-06	112.99980079972086	4.091615934953552e-12	105.99999999956628	0.0	99.0	0.0	92.0	0.0	85.0	0.0	78.0
3.414548873833601	0.8782710697413698	15.459574142846034	0.0012699057718373874	119.84761130737951	3.5869786030318096e-09	112.99999959467142	2.220446049250313e-16	105.99999999999997	0.0	99.0	0.0	92.0	0.0	85.0	0.0	78.0
3.981071705534973	0.6960319716781989	38.60393959686874	2.881397171394795e-05	119.99654232339432	1.5508705430988812e-12	112.99999999982475	0.0	106.0	0.0	99.0	0.0	92.0	0.0	85.0	0.0	78.0
4.641588833612779	0.45869421689989964	68.74583445371275	2.3508026136820348e-07	119.99997179036863	1.1102230246251565e-16	112.99999999999999	0.0	106.0	0.0	99.0	0.0	92.0	0.0	85.0	0.0	78.0
5.411695265464638	0.2470715071713655	95.62191858923659	6.521324591446387e-10	119.9999999217441	0.0	113.0	0.0	106.0	0.0	99.0	0.0	92.0	0.0	85.0	0.0	78.0
6.309573444801933	0.1091212219254386	113.1416048154693	5.695444116327053e-13	119.99999999993166	0.0	113.0	0.0	106.0	0.0	99.0	0.0	92.0	0.0	85.0	0.0	78.0
7.3564225445964135	0.03973871348442193	121.95318338747842	1.1102230246251565e-16	119.99999999999999	0.0	113.0	0.0	106.0	0.0	99.0	0.0	92.0	0.0	85.0	0.0	78.0
8.576958985908941	0.0118924931889135	125.48965336500798	0.0	120.0	0.0	113.0	0.0	106.0	0.0	99.0	0.0	92.0	0.0	85.0	0.0	78.0
10.0	0.0028787766141389337	126.63439537000436	0.0	120.0	0.0	113.0	0.0	106.0	0.0	99.0	0.0	92.0	0.0	85.0	0.0	78.0
